chain_id	dex_id	pair_address	token_address	token_name	token_symbol	token_m5_buys	token_m5_sells	token_h1_buys	token_h1_sells	token_h1_to_m5_buys	token_liquidity	token_market_cap	token_created_at	token_created_since	token_eti	token_header	token_website	token_twitter	token_links	token_img_key	token_price_usd	token_price_change_h24	token_price_change_h6	token_price_change_h1	token_price_change_m5	information_extracted_at
solana	raydium	GQ3s9aosR88SFZmPF7MexzW4e1uipzUeGpADxbF9E5o2	HEYT8hpgVfqbKPy7VzEj1NmWmrVXZM8Z5EBh6uL7g3kX	hakoro	hakoro	65	42	590	486	1.32	25417.64	62492	2024-05-06 16:06:56	46.15	False	True	True	True	3	8fd75d	0.00006249	-0.2	-0.2	-0.2	86.67	2024-05-06 18:53:05.202221
solana	raydium	GQ3s9aosR88SFZmPF7MexzW4e1uipzUeGpADxbF9E5o2	HEYT8hpgVfqbKPy7VzEj1NmWmrVXZM8Z5EBh6uL7g3kX	hakoro	hakoro	33	20	661	546	0.6	23047.91	50899	2024-05-06 16:06:56	57.17	False	True	True	True	3	8fd75d	0.00005089	-18.71	-18.71	-18.71	33.87	2024-05-06 19:04:06.420712
solana	raydium	GQ3s9aosR88SFZmPF7MexzW4e1uipzUeGpADxbF9E5o2	HEYT8hpgVfqbKPy7VzEj1NmWmrVXZM8Z5EBh6uL7g3kX	hakoro	hakoro	125	51	764	583	1.96	29951.88	85419	2024-05-06 16:06:56	59.35	False	True	True	True	3	8fd75d	0.00008541	36.41	36.41	36.41	105	2024-05-06 19:06:16.781445
solana	raydium	GQ3s9aosR88SFZmPF7MexzW4e1uipzUeGpADxbF9E5o2	HEYT8hpgVfqbKPy7VzEj1NmWmrVXZM8Z5EBh6uL7g3kX	hakoro	hakoro	255	106	798	587	3.83	38359.28	139200	2024-05-06 16:06:56	61.57	False	True	True	True	3	8fd75d	0.0001392	122	122	207	183	2024-05-06 19:08:29.911049
solana	raydium	GQ3s9aosR88SFZmPF7MexzW4e1uipzUeGpADxbF9E5o2	HEYT8hpgVfqbKPy7VzEj1NmWmrVXZM8Z5EBh6uL7g3kX	hakoro	hakoro	222	135	755	537	3.53	37685.74	133188	2024-05-06 16:06:56	63.77	False	True	True	True	3	8fd75d	0.0001331	113	113	315	103	2024-05-06 19:10:42.389819
solana	raydium	GQ3s9aosR88SFZmPF7MexzW4e1uipzUeGpADxbF9E5o2	HEYT8hpgVfqbKPy7VzEj1NmWmrVXZM8Z5EBh6uL7g3kX	hakoro	hakoro	229	137	762	539	3.61	38300.57	137592	2024-05-06 16:06:56	63.78	False	True	True	True	3	8fd75d	0.0001375	120	120	329	109	2024-05-06 19:10:43.072208
solana	raydium	GQ3s9aosR88SFZmPF7MexzW4e1uipzUeGpADxbF9E5o2	HEYT8hpgVfqbKPy7VzEj1NmWmrVXZM8Z5EBh6uL7g3kX	hakoro	hakoro	169	137	764	549	2.65	36374.59	123808	2024-05-06 16:06:56	65.98	False	True	True	True	3	8fd75d	0.0001238	97.72	97.72	553	-10.8	2024-05-06 19:12:54.767772
solana	raydium	GQ3s9aosR88SFZmPF7MexzW4e1uipzUeGpADxbF9E5o2	HEYT8hpgVfqbKPy7VzEj1NmWmrVXZM8Z5EBh6uL7g3kX	hakoro	hakoro	144	124	791	565	2.18	47475.68	209563	2024-05-06 16:06:56	68.21	False	True	True	True	3	8fd75d	0.0002095	235	235	567	38.69	2024-05-06 19:15:08.699448
solana	raydium	GQ3s9aosR88SFZmPF7MexzW4e1uipzUeGpADxbF9E5o2	HEYT8hpgVfqbKPy7VzEj1NmWmrVXZM8Z5EBh6uL7g3kX	hakoro	hakoro	178	122	870	594	2.46	42809.02	169247	2024-05-06 16:06:56	70.4	False	True	True	True	3	8fd75d	0.0001692	170	170	450	27.32	2024-05-06 19:17:20.251430
solana	raydium	GQ3s9aosR88SFZmPF7MexzW4e1uipzUeGpADxbF9E5o2	HEYT8hpgVfqbKPy7VzEj1NmWmrVXZM8Z5EBh6uL7g3kX	hakoro	hakoro	170	115	920	618	2.22	45725.84	193395	2024-05-06 16:06:56	72.6	False	True	True	True	3	8fd75d	0.0001933	209	209	812	-4.64	2024-05-06 19:19:31.828172
solana	raydium	GQ3s9aosR88SFZmPF7MexzW4e1uipzUeGpADxbF9E5o2	HEYT8hpgVfqbKPy7VzEj1NmWmrVXZM8Z5EBh6uL7g3kX	hakoro	hakoro	116	74	960	641	1.45	48286.41	215704	2024-05-06 16:06:56	74.79	False	True	True	True	3	8fd75d	0.0002157	244	244	871	30.33	2024-05-06 19:21:43.252624
solana	raydium	GQ3s9aosR88SFZmPF7MexzW4e1uipzUeGpADxbF9E5o2	HEYT8hpgVfqbKPy7VzEj1NmWmrVXZM8Z5EBh6uL7g3kX	hakoro	hakoro	103	73	979	659	1.26	46634.68	200779	2024-05-06 16:06:56	76.98	False	True	True	True	3	8fd75d	0.0002007	221	221	745	-0.46	2024-05-06 19:23:54.824445
solana	raydium	GQ3s9aosR88SFZmPF7MexzW4e1uipzUeGpADxbF9E5o2	HEYT8hpgVfqbKPy7VzEj1NmWmrVXZM8Z5EBh6uL7g3kX	hakoro	hakoro	109	80	1045	691	1.25	52262.46	252246	2024-05-06 16:06:56	79.2	False	True	True	True	3	8fd75d	0.0002522	303	303	1542	16.82	2024-05-06 19:26:08.135345
solana	raydium	GQ3s9aosR88SFZmPF7MexzW4e1uipzUeGpADxbF9E5o2	HEYT8hpgVfqbKPy7VzEj1NmWmrVXZM8Z5EBh6uL7g3kX	hakoro	hakoro	187	115	1138	741	1.97	52293.53	250940	2024-05-06 16:06:56	81.44	False	True	True	True	3	8fd75d	0.0002509	301	301	1544	5.73	2024-05-06 19:28:22.443373
solana	raydium	GQ3s9aosR88SFZmPF7MexzW4e1uipzUeGpADxbF9E5o2	HEYT8hpgVfqbKPy7VzEj1NmWmrVXZM8Z5EBh6uL7g3kX	hakoro	hakoro	177	115	1216	781	1.75	57897.38	306713	2024-05-06 16:06:56	83.65	False	True	True	True	3	8fd75d	0.0003067	390	390	3042	21.12	2024-05-06 19:30:34.756774
solana	raydium	GQ3s9aosR88SFZmPF7MexzW4e1uipzUeGpADxbF9E5o2	HEYT8hpgVfqbKPy7VzEj1NmWmrVXZM8Z5EBh6uL7g3kX	hakoro	hakoro	154	121	1292	831	1.43	57544.58	303314	2024-05-06 16:06:56	85.87	False	True	True	True	3	8fd75d	0.0003033	384	384	3749	18.53	2024-05-06 19:32:47.938523
solana	raydium	GQ3s9aosR88SFZmPF7MexzW4e1uipzUeGpADxbF9E5o2	HEYT8hpgVfqbKPy7VzEj1NmWmrVXZM8Z5EBh6uL7g3kX	hakoro	hakoro	162	123	1374	891	1.41	51903.33	246335	2024-05-06 16:06:56	88.06	False	True	True	True	3	8fd75d	0.0002463	293	293	2948	-19.04	2024-05-06 19:34:59.537772
solana	raydium	GQ3s9aosR88SFZmPF7MexzW4e1uipzUeGpADxbF9E5o2	HEYT8hpgVfqbKPy7VzEj1NmWmrVXZM8Z5EBh6uL7g3kX	hakoro	hakoro	128	103	1408	926	1.09	47284.85	203640	2024-05-06 16:06:56	90.3	False	True	True	True	3	8fd75d	0.0002036	225	225	2175	-29.43	2024-05-06 19:37:14.104212
solana	raydium	GQ3s9aosR88SFZmPF7MexzW4e1uipzUeGpADxbF9E5o2	HEYT8hpgVfqbKPy7VzEj1NmWmrVXZM8Z5EBh6uL7g3kX	hakoro	hakoro	108	108	1459	983	0.89	50087.04	228603	2024-05-06 16:06:56	92.5	False	True	True	True	3	8fd75d	0.0002286	265	265	2077	3.99	2024-05-06 19:39:25.977177
solana	raydium	GQ3s9aosR88SFZmPF7MexzW4e1uipzUeGpADxbF9E5o2	HEYT8hpgVfqbKPy7VzEj1NmWmrVXZM8Z5EBh6uL7g3kX	hakoro	hakoro	102	104	1496	1031	0.82	51808.23	244559	2024-05-06 16:06:56	94.7	False	True	True	True	3	8fd75d	0.0002445	291	291	1812	15.86	2024-05-06 19:41:37.973335
solana	raydium	GQ3s9aosR88SFZmPF7MexzW4e1uipzUeGpADxbF9E5o2	HEYT8hpgVfqbKPy7VzEj1NmWmrVXZM8Z5EBh6uL7g3kX	hakoro	hakoro	95	78	1523	1056	0.75	59551.9	322840	2024-05-06 16:06:56	96.87	False	True	True	True	3	8fd75d	0.0003228	416	416	1079	29.59	2024-05-06 19:43:48.273090
solana	raydium	GQ3s9aosR88SFZmPF7MexzW4e1uipzUeGpADxbF9E5o2	HEYT8hpgVfqbKPy7VzEj1NmWmrVXZM8Z5EBh6uL7g3kX	hakoro	hakoro	77	50	1538	1069	0.6	61830.73	347462	2024-05-06 16:06:56	99.06	False	True	True	True	3	8fd75d	0.0003474	455	455	1072	42.08	2024-05-06 19:45:59.683673
solana	raydium	GQ3s9aosR88SFZmPF7MexzW4e1uipzUeGpADxbF9E5o2	HEYT8hpgVfqbKPy7VzEj1NmWmrVXZM8Z5EBh6uL7g3kX	hakoro	hakoro	90	90	1577	1126	0.68	64607.41	378207	2024-05-06 16:06:56	101.28	False	True	True	True	3	8fd75d	0.0003782	504	504	1030	14.92	2024-05-06 19:48:12.517623
solana	raydium	GQ3s9aosR88SFZmPF7MexzW4e1uipzUeGpADxbF9E5o2	HEYT8hpgVfqbKPy7VzEj1NmWmrVXZM8Z5EBh6uL7g3kX	hakoro	hakoro	99	103	1579	1141	0.75	61923.22	347088	2024-05-06 16:06:56	103.45	False	True	True	True	3	8fd75d	0.0003470	454	454	619	19.12	2024-05-06 19:50:23.145355
solana	raydium	GQ3s9aosR88SFZmPF7MexzW4e1uipzUeGpADxbF9E5o2	HEYT8hpgVfqbKPy7VzEj1NmWmrVXZM8Z5EBh6uL7g3kX	hakoro	hakoro	67	71	1582	1154	0.51	62313.48	351333	2024-05-06 16:06:56	105.65	False	True	True	True	3	8fd75d	0.0003513	461	461	467	-7.65	2024-05-06 19:52:35.178239
solana	raydium	GQ3s9aosR88SFZmPF7MexzW4e1uipzUeGpADxbF9E5o2	HEYT8hpgVfqbKPy7VzEj1NmWmrVXZM8Z5EBh6uL7g3kX	hakoro	hakoro	95	54	1635	1162	0.7	68053.35	416563	2024-05-06 16:06:56	107.85	False	True	True	True	3	8fd75d	0.0004165	565	565	923	19.14	2024-05-06 19:54:46.859489
solana	raydium	GQ3s9aosR88SFZmPF7MexzW4e1uipzUeGpADxbF9E5o2	HEYT8hpgVfqbKPy7VzEj1NmWmrVXZM8Z5EBh6uL7g3kX	hakoro	hakoro	99	54	1661	1181	0.72	63490.18	362560	2024-05-06 16:06:56	110.07	False	True	True	True	3	8fd75d	0.0003625	479	479	937	3.2	2024-05-06 19:57:00.178857
solana	raydium	GQ3s9aosR88SFZmPF7MexzW4e1uipzUeGpADxbF9E5o2	HEYT8hpgVfqbKPy7VzEj1NmWmrVXZM8Z5EBh6uL7g3kX	hakoro	hakoro	112	61	1709	1199	0.79	66139.56	393794	2024-05-06 16:06:56	112.26	False	True	True	True	3	8fd75d	0.0003937	529	529	936	-3.04	2024-05-06 19:59:11.623336
solana	raydium	GQ3s9aosR88SFZmPF7MexzW4e1uipzUeGpADxbF9E5o2	HEYT8hpgVfqbKPy7VzEj1NmWmrVXZM8Z5EBh6uL7g3kX	hakoro	hakoro	133	78	1757	1236	0.91	60814.14	332546	2024-05-06 16:06:56	114.5	False	True	True	True	3	8fd75d	0.0003325	431	431	738	-8.68	2024-05-06 20:01:25.813014
solana	raydium	GQ3s9aosR88SFZmPF7MexzW4e1uipzUeGpADxbF9E5o2	HEYT8hpgVfqbKPy7VzEj1NmWmrVXZM8Z5EBh6uL7g3kX	hakoro	hakoro	121	87	1794	1265	0.81	66474.45	395201	2024-05-06 16:06:56	116.69	False	True	True	True	3	8fd75d	0.0003952	531	531	551	-0.72	2024-05-06 20:03:37.157144
solana	raydium	GQ3s9aosR88SFZmPF7MexzW4e1uipzUeGpADxbF9E5o2	HEYT8hpgVfqbKPy7VzEj1NmWmrVXZM8Z5EBh6uL7g3kX	hakoro	hakoro	96	81	1705	1255	0.68	60971.09	331922	2024-05-06 16:06:56	118.88	False	True	True	True	3	8fd75d	0.0003319	430	430	405	-13.44	2024-05-06 20:05:49.024950
solana	raydium	GQ3s9aosR88SFZmPF7MexzW4e1uipzUeGpADxbF9E5o2	HEYT8hpgVfqbKPy7VzEj1NmWmrVXZM8Z5EBh6uL7g3kX	hakoro	hakoro	57	65	1601	1219	0.43	54494.14	265069	2024-05-06 16:06:56	121.09	False	True	True	True	3	8fd75d	0.0002650	323	323	90.97	-31.51	2024-05-06 20:08:01.499307
solana	raydium	GQ3s9aosR88SFZmPF7MexzW4e1uipzUeGpADxbF9E5o2	HEYT8hpgVfqbKPy7VzEj1NmWmrVXZM8Z5EBh6uL7g3kX	hakoro	hakoro	75	47	1559	1171	0.58	59816.31	319352	2024-05-06 16:06:56	123.27	False	True	True	True	3	8fd75d	0.0003193	410	410	111	-3	2024-05-06 20:10:11.912861
solana	raydium	GQ3s9aosR88SFZmPF7MexzW4e1uipzUeGpADxbF9E5o2	HEYT8hpgVfqbKPy7VzEj1NmWmrVXZM8Z5EBh6uL7g3kX	hakoro	hakoro	74	63	1507	1148	0.59	56305.97	282353	2024-05-06 16:06:56	125.45	False	True	True	True	3	8fd75d	0.0002823	351	351	112	-2.81	2024-05-06 20:12:22.819719
solana	raydium	GQ3s9aosR88SFZmPF7MexzW4e1uipzUeGpADxbF9E5o2	HEYT8hpgVfqbKPy7VzEj1NmWmrVXZM8Z5EBh6uL7g3kX	hakoro	hakoro	45	61	1445	1096	0.37	58442.8	303979	2024-05-06 16:06:56	127.67	False	True	True	True	3	8fd75d	0.0003039	385	385	49.88	-2.6	2024-05-06 20:14:36.011013
solana	raydium	GQ3s9aosR88SFZmPF7MexzW4e1uipzUeGpADxbF9E5o2	HEYT8hpgVfqbKPy7VzEj1NmWmrVXZM8Z5EBh6uL7g3kX	hakoro	hakoro	82	66	1407	1090	0.7	69791.88	432419	2024-05-06 16:06:56	129.9	False	True	True	True	3	8fd75d	0.0004324	591	591	161	55.99	2024-05-06 20:16:49.886928
solana	raydium	GQ3s9aosR88SFZmPF7MexzW4e1uipzUeGpADxbF9E5o2	HEYT8hpgVfqbKPy7VzEj1NmWmrVXZM8Z5EBh6uL7g3kX	hakoro	hakoro	130	97	1436	1115	1.09	73997.37	484612	2024-05-06 16:06:56	132.08	False	True	True	True	3	8fd75d	0.0004846	674	674	140	58.41	2024-05-06 20:19:00.547410
solana	raydium	GQ3s9aosR88SFZmPF7MexzW4e1uipzUeGpADxbF9E5o2	HEYT8hpgVfqbKPy7VzEj1NmWmrVXZM8Z5EBh6uL7g3kX	hakoro	hakoro	171	129	1447	1142	1.42	76287.63	514277	2024-05-06 16:06:56	134.29	False	True	True	True	3	8fd75d	0.0005142	721	721	138	27.24	2024-05-06 20:21:13.484132
solana	raydium	GQ3s9aosR88SFZmPF7MexzW4e1uipzUeGpADxbF9E5o2	HEYT8hpgVfqbKPy7VzEj1NmWmrVXZM8Z5EBh6uL7g3kX	hakoro	hakoro	141	123	1474	1164	1.15	76010.07	508473	2024-05-06 16:06:56	136.49	False	True	True	True	3	8fd75d	0.0005084	712	712	114	5.09	2024-05-06 20:23:25.667814
solana	raydium	GQ3s9aosR88SFZmPF7MexzW4e1uipzUeGpADxbF9E5o2	HEYT8hpgVfqbKPy7VzEj1NmWmrVXZM8Z5EBh6uL7g3kX	hakoro	hakoro	69	73	1403	1133	0.59	75321.8	499063	2024-05-06 16:06:56	138.71	False	True	True	True	3	8fd75d	0.0004990	697	697	97.08	0.84	2024-05-06 20:25:38.615364
solana	raydium	GQ3s9aosR88SFZmPF7MexzW4e1uipzUeGpADxbF9E5o2	HEYT8hpgVfqbKPy7VzEj1NmWmrVXZM8Z5EBh6uL7g3kX	hakoro	hakoro	45	47	1331	1101	0.41	79354.86	553054	2024-05-06 16:06:56	140.93	False	True	True	True	3	8fd75d	0.0005530	783	783	116	7.83	2024-05-06 20:27:51.529117
solana	raydium	GQ3s9aosR88SFZmPF7MexzW4e1uipzUeGpADxbF9E5o2	HEYT8hpgVfqbKPy7VzEj1NmWmrVXZM8Z5EBh6uL7g3kX	hakoro	hakoro	56	60	1282	1077	0.52	78726.62	543547	2024-05-06 16:06:56	143.14	False	True	True	True	3	8fd75d	0.0005435	768	768	78.65	8.95	2024-05-06 20:30:04.473110
solana	raydium	GQ3s9aosR88SFZmPF7MexzW4e1uipzUeGpADxbF9E5o2	HEYT8hpgVfqbKPy7VzEj1NmWmrVXZM8Z5EBh6uL7g3kX	hakoro	hakoro	74	66	1250	1047	0.71	79682.98	558904	2024-05-06 16:06:56	145.34	False	True	True	True	3	8fd75d	0.0005589	793	793	93.7	7.61	2024-05-06 20:32:16.631740
solana	raydium	GQ3s9aosR88SFZmPF7MexzW4e1uipzUeGpADxbF9E5o2	HEYT8hpgVfqbKPy7VzEj1NmWmrVXZM8Z5EBh6uL7g3kX	hakoro	hakoro	54	58	1184	1011	0.55	72061.81	457164	2024-05-06 16:06:56	147.66	False	True	True	True	3	8fd75d	0.0004571	630	630	98.03	-21.25	2024-05-06 20:34:35.556303
solana	raydium	GQ3s9aosR88SFZmPF7MexzW4e1uipzUeGpADxbF9E5o2	HEYT8hpgVfqbKPy7VzEj1NmWmrVXZM8Z5EBh6uL7g3kX	hakoro	hakoro	75	58	1195	998	0.75	81391.33	579230	2024-05-06 16:06:56	149.89	False	True	True	True	3	8fd75d	0.0005792	825	825	174	8.4	2024-05-06 20:36:49.182974
solana	raydium	GQ3s9aosR88SFZmPF7MexzW4e1uipzUeGpADxbF9E5o2	HEYT8hpgVfqbKPy7VzEj1NmWmrVXZM8Z5EBh6uL7g3kX	hakoro	hakoro	105	90	1197	1008	1.05	82686.41	593835	2024-05-06 16:06:56	152.19	False	True	True	True	3	8fd75d	0.0005938	848	848	138	29.9	2024-05-06 20:39:07.318986
solana	raydium	GQ3s9aosR88SFZmPF7MexzW4e1uipzUeGpADxbF9E5o2	HEYT8hpgVfqbKPy7VzEj1NmWmrVXZM8Z5EBh6uL7g3kX	hakoro	hakoro	109	100	1200	991	1.09	85724.34	636966	2024-05-06 16:06:56	154.41	False	True	True	True	3	8fd75d	0.0006369	917	917	160	10.65	2024-05-06 20:41:20.883869
solana	raydium	GQ3s9aosR88SFZmPF7MexzW4e1uipzUeGpADxbF9E5o2	HEYT8hpgVfqbKPy7VzEj1NmWmrVXZM8Z5EBh6uL7g3kX	hakoro	hakoro	81	47	1192	984	0.82	81324.24	572890	2024-05-06 16:06:56	156.6	False	True	True	True	3	8fd75d	0.0005728	815	815	72.83	-10.76	2024-05-06 20:43:32.187070
solana	raydium	GQ3s9aosR88SFZmPF7MexzW4e1uipzUeGpADxbF9E5o2	HEYT8hpgVfqbKPy7VzEj1NmWmrVXZM8Z5EBh6uL7g3kX	hakoro	hakoro	111	77	1231	1011	1.08	77632.84	521195	2024-05-06 16:06:56	158.83	False	True	True	True	3	8fd75d	0.0005211	732	732	39.59	-20.5	2024-05-06 20:45:45.887561
solana	raydium	GQ3s9aosR88SFZmPF7MexzW4e1uipzUeGpADxbF9E5o2	HEYT8hpgVfqbKPy7VzEj1NmWmrVXZM8Z5EBh6uL7g3kX	hakoro	hakoro	105	83	1217	987	1.04	75215.93	488083	2024-05-06 16:06:56	161.03	False	True	True	True	3	8fd75d	0.0004880	679	679	28.3	-13.67	2024-05-06 20:47:57.909788
solana	raydium	GQ3s9aosR88SFZmPF7MexzW4e1uipzUeGpADxbF9E5o2	HEYT8hpgVfqbKPy7VzEj1NmWmrVXZM8Z5EBh6uL7g3kX	hakoro	hakoro	95	79	1241	989	0.92	72216.12	448820	2024-05-06 16:06:56	163.22	False	True	True	True	3	8fd75d	0.0004488	617	617	28.37	-13.8	2024-05-06 20:50:08.900904
solana	raydium	GQ3s9aosR88SFZmPF7MexzW4e1uipzUeGpADxbF9E5o2	HEYT8hpgVfqbKPy7VzEj1NmWmrVXZM8Z5EBh6uL7g3kX	hakoro	hakoro	88	68	1235	979	0.86	78003.47	523276	2024-05-06 16:06:56	165.43	False	True	True	True	3	8fd75d	0.0005232	736	736	48.94	-0.88	2024-05-06 20:52:21.577614
solana	raydium	GQ3s9aosR88SFZmPF7MexzW4e1uipzUeGpADxbF9E5o2	HEYT8hpgVfqbKPy7VzEj1NmWmrVXZM8Z5EBh6uL7g3kX	hakoro	hakoro	80	66	1219	997	0.79	69053.15	409311	2024-05-06 16:06:56	167.63	False	True	True	True	3	8fd75d	0.0004093	554	554	-0.99	-12.15	2024-05-06 20:54:33.909548
solana	raydium	GQ3s9aosR88SFZmPF7MexzW4e1uipzUeGpADxbF9E5o2	HEYT8hpgVfqbKPy7VzEj1NmWmrVXZM8Z5EBh6uL7g3kX	hakoro	hakoro	120	76	1236	998	1.17	70612.48	427422	2024-05-06 16:06:56	169.93	False	True	True	True	3	8fd75d	0.0004274	583	583	17.37	-8.14	2024-05-06 20:56:51.526421
solana	raydium	GQ3s9aosR88SFZmPF7MexzW4e1uipzUeGpADxbF9E5o2	HEYT8hpgVfqbKPy7VzEj1NmWmrVXZM8Z5EBh6uL7g3kX	hakoro	hakoro	130	84	1261	1034	1.24	67115.61	385426	2024-05-06 16:06:56	172.16	False	True	True	True	3	8fd75d	0.0003854	516	516	-3.17	-5.84	2024-05-06 20:59:05.680335
solana	raydium	GQ3s9aosR88SFZmPF7MexzW4e1uipzUeGpADxbF9E5o2	HEYT8hpgVfqbKPy7VzEj1NmWmrVXZM8Z5EBh6uL7g3kX	hakoro	hakoro	98	88	1227	1019	0.96	67445.76	389387	2024-05-06 16:06:56	174.36	False	True	True	True	3	8fd75d	0.0003893	522	522	1.54	-9.24	2024-05-06 21:01:17.747256
solana	raydium	GQ3s9aosR88SFZmPF7MexzW4e1uipzUeGpADxbF9E5o2	HEYT8hpgVfqbKPy7VzEj1NmWmrVXZM8Z5EBh6uL7g3kX	hakoro	hakoro	51	71	1184	1010	0.52	61727.81	326622	2024-05-06 16:06:56	176.55	False	True	True	True	3	8fd75d	0.0003266	422	422	-15.61	-13.63	2024-05-06 21:03:29.043519
solana	raydium	GQ3s9aosR88SFZmPF7MexzW4e1uipzUeGpADxbF9E5o2	HEYT8hpgVfqbKPy7VzEj1NmWmrVXZM8Z5EBh6uL7g3kX	hakoro	hakoro	76	67	1202	1003	0.76	67672.25	391107	2024-05-06 16:06:56	178.75	False	True	True	True	3	8fd75d	0.0003911	525	525	16.53	0.99	2024-05-06 21:05:40.753585
solana	raydium	GQ3s9aosR88SFZmPF7MexzW4e1uipzUeGpADxbF9E5o2	HEYT8hpgVfqbKPy7VzEj1NmWmrVXZM8Z5EBh6uL7g3kX	hakoro	hakoro	96	69	1206	1011	0.96	64610.22	356408	2024-05-06 16:06:56	180.98	False	True	True	True	3	8fd75d	0.0003564	469	469	12.32	14.98	2024-05-06 21:07:55.063692
solana	raydium	GQ3s9aosR88SFZmPF7MexzW4e1uipzUeGpADxbF9E5o2	HEYT8hpgVfqbKPy7VzEj1NmWmrVXZM8Z5EBh6uL7g3kX	hakoro	hakoro	68	61	1200	1014	0.68	61892.88	326607	2024-05-06 16:06:56	183.19	False	True	True	True	3	8fd75d	0.0003266	422	422	4.65	-15.03	2024-05-06 21:10:07.323083
solana	raydium	GQ3s9aosR88SFZmPF7MexzW4e1uipzUeGpADxbF9E5o2	HEYT8hpgVfqbKPy7VzEj1NmWmrVXZM8Z5EBh6uL7g3kX	hakoro	hakoro	79	58	1217	1006	0.78	70700.13	425504	2024-05-06 16:06:56	185.46	False	True	True	True	3	8fd75d	0.0004255	580	580	53.49	42.99	2024-05-06 21:12:23.445289
solana	raydium	GQ3s9aosR88SFZmPF7MexzW4e1uipzUeGpADxbF9E5o2	HEYT8hpgVfqbKPy7VzEj1NmWmrVXZM8Z5EBh6uL7g3kX	hakoro	hakoro	60	52	1201	998	0.6	67366.37	387312	2024-05-06 16:06:56	187.8	False	True	True	True	3	8fd75d	0.0003873	519	519	4.66	26.33	2024-05-06 21:14:44.294313
solana	raydium	GQ3s9aosR88SFZmPF7MexzW4e1uipzUeGpADxbF9E5o2	HEYT8hpgVfqbKPy7VzEj1NmWmrVXZM8Z5EBh6uL7g3kX	hakoro	hakoro	56	50	1164	969	0.58	70079.73	421811	2024-05-06 16:06:56	190.07	False	True	True	True	3	8fd75d	0.0004218	574	574	4.25	-0.78	2024-05-06 21:17:00.190336
solana	raydium	GQ3s9aosR88SFZmPF7MexzW4e1uipzUeGpADxbF9E5o2	HEYT8hpgVfqbKPy7VzEj1NmWmrVXZM8Z5EBh6uL7g3kX	hakoro	hakoro	43	40	1108	935	0.47	66698.7	380984	2024-05-06 16:06:56	192.44	False	True	True	True	3	8fd75d	0.0003809	508	508	-27.34	-1.63	2024-05-06 21:19:22.344012
solana	raydium	GQ3s9aosR88SFZmPF7MexzW4e1uipzUeGpADxbF9E5o2	HEYT8hpgVfqbKPy7VzEj1NmWmrVXZM8Z5EBh6uL7g3kX	hakoro	hakoro	80	64	1088	904	0.88	60701.34	314262	2024-05-06 16:06:56	194.66	False	True	True	True	3	8fd75d	0.0003142	402	402	-38.96	-25.27	2024-05-06 21:21:35.593778
solana	raydium	GQ3s9aosR88SFZmPF7MexzW4e1uipzUeGpADxbF9E5o2	HEYT8hpgVfqbKPy7VzEj1NmWmrVXZM8Z5EBh6uL7g3kX	hakoro	hakoro	85	77	1077	905	0.95	59505.86	301179	2024-05-06 16:06:56	196.94	False	True	True	True	3	8fd75d	0.0003011	381	381	-39.78	-12.28	2024-05-06 21:23:52.254289
solana	raydium	GQ3s9aosR88SFZmPF7MexzW4e1uipzUeGpADxbF9E5o2	HEYT8hpgVfqbKPy7VzEj1NmWmrVXZM8Z5EBh6uL7g3kX	hakoro	hakoro	63	90	1099	937	0.69	58702.95	292877	2024-05-06 16:06:56	199.13	False	True	True	True	3	8fd75d	0.0002928	368	368	-39.66	-3.34	2024-05-06 21:26:03.926521
solana	raydium	GQ3s9aosR88SFZmPF7MexzW4e1uipzUeGpADxbF9E5o2	HEYT8hpgVfqbKPy7VzEj1NmWmrVXZM8Z5EBh6uL7g3kX	hakoro	hakoro	100	92	1138	943	1.05	54756.32	253989	2024-05-06 16:06:56	201.35	False	True	True	True	3	8fd75d	0.0002539	306	306	-48.48	-16.75	2024-05-06 21:28:17.160227
solana	raydium	GQ3s9aosR88SFZmPF7MexzW4e1uipzUeGpADxbF9E5o2	HEYT8hpgVfqbKPy7VzEj1NmWmrVXZM8Z5EBh6uL7g3kX	hakoro	hakoro	134	90	1165	960	1.38	51234.16	222691	2024-05-06 16:06:56	203.6	False	True	True	True	3	8fd75d	0.0002226	256	256	-61.64	-26.14	2024-05-06 21:30:32.103307
solana	raydium	GQ3s9aosR88SFZmPF7MexzW4e1uipzUeGpADxbF9E5o2	HEYT8hpgVfqbKPy7VzEj1NmWmrVXZM8Z5EBh6uL7g3kX	hakoro	hakoro	100	85	1182	974	1.02	59389.32	298703	2024-05-06 16:06:56	205.83	False	True	True	True	3	8fd75d	0.0002987	377	377	-39.71	14.88	2024-05-06 21:32:45.651976
solana	raydium	GQ3s9aosR88SFZmPF7MexzW4e1uipzUeGpADxbF9E5o2	HEYT8hpgVfqbKPy7VzEj1NmWmrVXZM8Z5EBh6uL7g3kX	hakoro	hakoro	62	71	1155	965	0.64	53141.36	238883	2024-05-06 16:06:56	208.15	False	True	True	True	3	8fd75d	0.0002388	281	281	-52.49	10.36	2024-05-06 21:35:04.899684
solana	raydium	GQ3s9aosR88SFZmPF7MexzW4e1uipzUeGpADxbF9E5o2	HEYT8hpgVfqbKPy7VzEj1NmWmrVXZM8Z5EBh6uL7g3kX	hakoro	hakoro	41	52	1140	964	0.43	50172.29	212911	2024-05-06 16:06:56	210.41	False	True	True	True	3	8fd75d	0.0002129	240	240	-64.41	-11.46	2024-05-06 21:37:20.805734
solana	raydium	GQ3s9aosR88SFZmPF7MexzW4e1uipzUeGpADxbF9E5o2	HEYT8hpgVfqbKPy7VzEj1NmWmrVXZM8Z5EBh6uL7g3kX	hakoro	hakoro	49	53	1098	921	0.54	49097.11	203561	2024-05-06 16:06:56	212.63	False	True	True	True	3	8fd75d	0.0002035	225	225	-68.29	-16.78	2024-05-06 21:39:33.925530
solana	raydium	GQ3s9aosR88SFZmPF7MexzW4e1uipzUeGpADxbF9E5o2	HEYT8hpgVfqbKPy7VzEj1NmWmrVXZM8Z5EBh6uL7g3kX	hakoro	hakoro	44	38	1062	906	0.5	48344.61	197823	2024-05-06 16:06:56	214.85	False	True	True	True	3	8fd75d	0.0001978	216	216	-65	-6.38	2024-05-06 21:41:46.899721
solana	raydium	GQ3s9aosR88SFZmPF7MexzW4e1uipzUeGpADxbF9E5o2	HEYT8hpgVfqbKPy7VzEj1NmWmrVXZM8Z5EBh6uL7g3kX	hakoro	hakoro	71	40	1079	907	0.79	45071.34	170797	2024-05-06 16:06:56	217.09	False	True	True	True	3	8fd75d	0.0001707	173	173	-66.81	-13.93	2024-05-06 21:44:01.109735
solana	raydium	GQ3s9aosR88SFZmPF7MexzW4e1uipzUeGpADxbF9E5o2	HEYT8hpgVfqbKPy7VzEj1NmWmrVXZM8Z5EBh6uL7g3kX	hakoro	hakoro	99	58	1048	889	1.13	60904.64	310004	2024-05-06 16:06:56	219.29	False	True	True	True	3	8fd75d	0.0003100	395	395	-41.34	57.23	2024-05-06 21:46:13.661367
solana	raydium	GQ3s9aosR88SFZmPF7MexzW4e1uipzUeGpADxbF9E5o2	HEYT8hpgVfqbKPy7VzEj1NmWmrVXZM8Z5EBh6uL7g3kX	hakoro	hakoro	106	71	1048	884	1.21	60020.9	300241	2024-05-06 16:06:56	221.53	False	True	True	True	3	8fd75d	0.0003002	379	379	-33.92	69.68	2024-05-06 21:48:27.916722
solana	raydium	GQ3s9aosR88SFZmPF7MexzW4e1uipzUeGpADxbF9E5o2	HEYT8hpgVfqbKPy7VzEj1NmWmrVXZM8Z5EBh6uL7g3kX	hakoro	hakoro	74	66	1034	882	0.86	55059.9	252514	2024-05-06 16:06:56	223.75	False	True	True	True	3	8fd75d	0.0002525	303	303	-51.98	-2.22	2024-05-06 21:50:40.811846
solana	raydium	GQ3s9aosR88SFZmPF7MexzW4e1uipzUeGpADxbF9E5o2	HEYT8hpgVfqbKPy7VzEj1NmWmrVXZM8Z5EBh6uL7g3kX	hakoro	hakoro	79	55	1043	867	0.91	55617.53	257663	2024-05-06 16:06:56	225.97	False	True	True	True	3	8fd75d	0.0002576	311	311	-41.37	-10.19	2024-05-06 21:52:53.905781
solana	raydium	GQ3s9aosR88SFZmPF7MexzW4e1uipzUeGpADxbF9E5o2	HEYT8hpgVfqbKPy7VzEj1NmWmrVXZM8Z5EBh6uL7g3kX	hakoro	hakoro	70	40	999	843	0.84	55985.18	261117	2024-05-06 16:06:56	228.27	False	True	True	True	3	8fd75d	0.0002611	317	317	-36.45	-2.57	2024-05-06 21:55:12.298938
solana	raydium	GQ3s9aosR88SFZmPF7MexzW4e1uipzUeGpADxbF9E5o2	HEYT8hpgVfqbKPy7VzEj1NmWmrVXZM8Z5EBh6uL7g3kX	hakoro	hakoro	74	51	989	838	0.9	67374.75	376790	2024-05-06 16:06:56	230.47	False	True	True	True	3	8fd75d	0.0003767	502	502	7.23	49.06	2024-05-06 21:57:23.961083
solana	raydium	GQ3s9aosR88SFZmPF7MexzW4e1uipzUeGpADxbF9E5o2	HEYT8hpgVfqbKPy7VzEj1NmWmrVXZM8Z5EBh6uL7g3kX	hakoro	hakoro	59	51	950	810	0.75	64786.98	347851	2024-05-06 16:06:56	232.71	False	True	True	True	3	8fd75d	0.0003478	456	456	-12.37	25.52	2024-05-06 21:59:38.357975
solana	raydium	GQ3s9aosR88SFZmPF7MexzW4e1uipzUeGpADxbF9E5o2	HEYT8hpgVfqbKPy7VzEj1NmWmrVXZM8Z5EBh6uL7g3kX	hakoro	hakoro	43	53	954	815	0.54	60275.32	300244	2024-05-06 16:06:56	234.91	False	True	True	True	3	8fd75d	0.0003002	379	379	-21.42	-19.54	2024-05-06 22:01:50.327386
solana	raydium	GQ3s9aosR88SFZmPF7MexzW4e1uipzUeGpADxbF9E5o2	HEYT8hpgVfqbKPy7VzEj1NmWmrVXZM8Z5EBh6uL7g3kX	hakoro	hakoro	47	51	933	796	0.6	62196.2	320530	2024-05-06 16:06:56	237.09	False	True	True	True	3	8fd75d	0.0003205	412	412	-10.54	-9.66	2024-05-06 22:04:01.666508
solana	raydium	GQ3s9aosR88SFZmPF7MexzW4e1uipzUeGpADxbF9E5o2	HEYT8hpgVfqbKPy7VzEj1NmWmrVXZM8Z5EBh6uL7g3kX	hakoro	hakoro	42	38	918	784	0.55	61420.02	312218	2024-05-06 16:06:56	239.3	False	True	True	True	3	8fd75d	0.0003122	399	399	-18.03	5.27	2024-05-06 22:06:13.893502
solana	raydium	GQ3s9aosR88SFZmPF7MexzW4e1uipzUeGpADxbF9E5o2	HEYT8hpgVfqbKPy7VzEj1NmWmrVXZM8Z5EBh6uL7g3kX	hakoro	hakoro	49	33	909	773	0.65	56705.44	266101	2024-05-06 16:06:56	241.51	False	True	True	True	3	8fd75d	0.0002661	325	325	-16.94	-19.37	2024-05-06 22:08:26.643523
solana	raydium	GQ3s9aosR88SFZmPF7MexzW4e1uipzUeGpADxbF9E5o2	HEYT8hpgVfqbKPy7VzEj1NmWmrVXZM8Z5EBh6uL7g3kX	hakoro	hakoro	52	33	897	760	0.7	58104.75	278770	2024-05-06 16:06:56	243.85	False	True	True	True	3	8fd75d	0.0002787	345	345	-16.55	3.74	2024-05-06 22:10:47.098451
solana	raydium	GQ3s9aosR88SFZmPF7MexzW4e1uipzUeGpADxbF9E5o2	HEYT8hpgVfqbKPy7VzEj1NmWmrVXZM8Z5EBh6uL7g3kX	hakoro	hakoro	51	58	893	780	0.69	52208.73	224371	2024-05-06 16:06:56	246.08	False	True	True	True	3	8fd75d	0.0002243	258	258	-48.18	-12.62	2024-05-06 22:13:00.725279
solana	raydium	GQ3s9aosR88SFZmPF7MexzW4e1uipzUeGpADxbF9E5o2	HEYT8hpgVfqbKPy7VzEj1NmWmrVXZM8Z5EBh6uL7g3kX	hakoro	hakoro	61	65	902	774	0.81	51968.7	222427	2024-05-06 16:06:56	248.36	False	True	True	True	3	8fd75d	0.0002224	255	255	-39.35	-21.26	2024-05-06 22:15:17.469839
solana	raydium	GQ3s9aosR88SFZmPF7MexzW4e1uipzUeGpADxbF9E5o2	HEYT8hpgVfqbKPy7VzEj1NmWmrVXZM8Z5EBh6uL7g3kX	hakoro	hakoro	62	43	893	771	0.83	51019.41	214503	2024-05-06 16:06:56	250.56	False	True	True	True	3	8fd75d	0.0002145	243	243	-48.99	0.44	2024-05-06 22:17:29.329323
solana	raydium	GQ3s9aosR88SFZmPF7MexzW4e1uipzUeGpADxbF9E5o2	HEYT8hpgVfqbKPy7VzEj1NmWmrVXZM8Z5EBh6uL7g3kX	hakoro	hakoro	34	38	873	745	0.47	50346.06	208334	2024-05-06 16:06:56	252.89	False	True	True	True	3	8fd75d	0.0002083	233	233	-31.9	-6.49	2024-05-06 22:19:49.398896
solana	raydium	GQ3s9aosR88SFZmPF7MexzW4e1uipzUeGpADxbF9E5o2	HEYT8hpgVfqbKPy7VzEj1NmWmrVXZM8Z5EBh6uL7g3kX	hakoro	hakoro	37	31	837	735	0.53	48285.02	191709	2024-05-06 16:06:56	255.1	False	True	True	True	3	8fd75d	0.0001917	206	206	-42.83	-6.57	2024-05-06 22:22:02.109200
solana	raydium	GQ3s9aosR88SFZmPF7MexzW4e1uipzUeGpADxbF9E5o2	HEYT8hpgVfqbKPy7VzEj1NmWmrVXZM8Z5EBh6uL7g3kX	hakoro	hakoro	39	25	855	704	0.55	48912.05	195997	2024-05-06 16:06:56	257.36	False	True	True	True	3	8fd75d	0.0001959	213	213	-28.93	-8.13	2024-05-06 22:24:17.464160
solana	raydium	GQ3s9aosR88SFZmPF7MexzW4e1uipzUeGpADxbF9E5o2	HEYT8hpgVfqbKPy7VzEj1NmWmrVXZM8Z5EBh6uL7g3kX	hakoro	hakoro	48	29	836	674	0.69	50796.42	211200	2024-05-06 16:06:56	259.58	False	True	True	True	3	8fd75d	0.0002112	237	237	-21.22	7.89	2024-05-06 22:26:30.709705
